7.068 -7.339 7.499
-8.29 -3.719 -8.754
-5.443 1.91 0.828
7.94 -6.69 -6.272
-4.15 7.522 11.943
-10.876 5.16 8.003
-3.474 -6.112 -5.312
1.274 4.021 5.62
4.161 -5.427 -2.358
-1.858 6.08 4.979
-4.466 8.285 6.343
-9.031 7.283 1.318
10.339 -3.919 -5.027
-2.851 5.245 6.776
-5.058 6.391 3.31
-7.154 4.037 -0.893
-12.726 6.032 3.07
6.091 -9.278 7.497
-2.262 10.229 6.073
-7.324 3.472 2.741
-2.452 7.39 5.917
4.823 -8.479 -3.804
-4.192 -6.515 -3.143
-9.098 9.393 4.114
7.115 -6.719 -5.351
-4.286 -3.671 -6.537
-3.318 -3.009 -4.575
-2.965 -4.649 -1.649
-8.081 0.567 3.433
-4.237 -6.489 -3.009
-8.67 -4.797 -6.138
-5.064 -5.959 0.151
-7.164 -4.337 -3.618
-11.067 9.682 2.834
-9.43 7.862 3.344
6.723 -5.272 5.765
4.941 -5.181 0.781
-12.677 10.667 4.389
-4.839 -7.303 -6.268
-8.338 -4.759 -5.31
8.091 -4.371 5.497
8.8 -5.883 -1.392
-9.845 8.322 1.698
9.985 -4.426 -2.394
6.112 -6.014 -6.418
-1.838 11.723 8.34
-3.326 8.749 9.518
-2.07 -5.012 -6.992
6.587 -7.123 5.331
7.797 -5.734 -4.726
6.813 -5.911 3.429
-2.909 -3.033 -3.37
-6.198 -2.88 -6.863
6.293 -5.497 6.912
-6.572 -3.749 -1.581
-3.598 8.657 2.313
-5.516 1.653 3.63
-3.802 0.437 4.3
-2.973 -8.956 -1.853
-7.483 10.845 3.974
-9.121 3.631 5.192
6.221 -10.311 5.25
5.648 -6.556 8.338
7.699 -4.907 -5.328
-2.71 6.592 3.496
-5.387 -0.977 -0.233
6.534 -6.323 -3.408
7.174 -7.015 -1.224
4.014 -3.028 2.395
-6.084 7.258 2.912
-11.555 6.552 0.441
-5.687 -7.681 -2.49
7.529 -3.475 5.599
-6.441 6.656 2.217
-8.809 2.659 4.817
10.522 -4.515 2.345
-8.014 8.11 0.65
-8.327 -1.153 2.31
3.224 -5.44 6.832
-3.699 -4.917 -0.111
6.399 -3.735 1.976
4.431 -9.469 6.096
-5.65 9.098 8.012
-4.092 2.237 1.568
-5.966 2.93 2.193
-7.279 4.474 0.508
5.154 -3.167 0.509
-7.396 7.041 3.459
-10.594 -5.039 -4.927
5.53 -5.703 5.718
5.96 -4.335 -4.831
0.689 6.689 6.879
6.658 -2.847 -3.732
-7.507 4.661 1.323
-8.001 -1.281 -9.218
-9.448 5.589 4.239
-9.29 10.282 2.647
-9.82 8.885 4.211
-3.581 6.215 7.767
-8.953 -4.432 -1.346
-5.896 -6.845 -2.888
-0.955 5.402 10.008
-4.324 -5.39 -3.251
-2.565 4.857 3.201
-2.632 -8.997 -5.339
-10.725 4.826 1.037
8.557 -6.939 6.215
-5.838 1.022 -7.746
7.979 -6.828 -5.147
-6.718 5.65 3.5
-7.15 -8.982 -5.575
-6.033 -5.519 -2.07
3.732 -3.717 8.109
-6.795 -8.399 -6.92
4.39 -4.267 7.819
-8.933 5.031 1.866
-6.234 -3.126 -6.729
-7.492 7.274 5.331
5.781 -4.95 -3.802
-12.329 7.69 4.166
-12.974 7.841 1.044
6.975 -6.635 -4.863
-11.448 6.509 3.62
-8.818 -2.637 -2.364
-7.029 -5.168 0.265
-9.312 1.622 4.711
5.809 -6.259 -4.369
0.79 5.848 13.293
-5.44 -4.081 -2.69
-13.313 10.101 2.334
-9.698 9.169 4.234
-0.594 8.589 9.374
3.685 -5.57 -2.174
-3.602 -5.383 -1.351
6.534 -5.871 6.796
-8.412 7.676 3.346
-4.751 7.184 6.988
-8.397 -2.326 -4.101
-3.036 8.545 8.369
-6.568 -3.628 -10.117
5.167 -3.496 5.715
6.922 -5.857 -1.509
5.109 -1.052 1.428
-7.693 3.584 3.555
-0.743 -3.827 -3.986
-9.54 -2.788 -6.425
0.486 -3.55 -4.519
-9.572 6.282 0.504
-9.804 10.725 4.415
-2.877 4.962 7.622
-3.767 -7.538 -2.302
-10.888 5.14 0.239
-7.048 -2.432 -5.269
3.559 -9.179 7.835
-8.936 5.571 5.314
-11.124 9.19 1.744
-6.268 1.728 5.143
-5.271 2.963 3.601
-9.144 4.029 4.035
-5.398 -6.189 -1.508
-3.476 -8.556 -4.058
4.083 -3.592 5.146
7.854 -2.444 -7.909
5.544 -8.08 4.083
-4.558 -7.599 -2.156
6.605 -3.661 5.155
-4.32 12.242 10.585
-5.638 5.622 3.394
-4.65 -6.257 -2.721
-2.563 7.995 5.103
5.799 -4.202 -5.38
5.934 -6.791 9.041
7.105 -7.159 -4.342
-8.698 6.927 2.11
-4.004 -3.538 -6.921
-7.399 0.051 -4.452
-7.913 3.63 3.378
-6.809 -2.897 -3.315
6.858 -6.023 -4.519
-4.575 -2.756 -3.749
-7.789 -2.367 -7.171
-9.107 6.099 3.481
-2.161 7.303 10.305
6.557 -1.449 3.008
-8.177 -0.116 3.456
-1.405 7.563 7.554
-9.962 2.798 2.684
5.659 -4.729 4.535
4.324 -4.261 -3.922
-3.464 5.458 7.631
2.74 -6.057 6.272
-6.025 -4.489 -4.493
-7.028 -4.569 -3.533
-10.283 4.132 2.356
-2.747 -7.4 -2.509
-8.117 2.379 1.601
-9.11 -2.592 -6.547
7.449 -6.511 -4.381
-1.378 -2.725 -0.659
-3.856 6.294 7.541
0.441 -6.86 3.583
-3.693 2.646 6.331
-1.911 -6.901 -2.722
5.406 -2.696 7.997
-2.879 6.556 9.487
-4.513 7.353 7.731
-4.242 -6.067 -8.015
-2.062 5.387 6.11
-2.011 5.218 5.934
-0.163 9.116 7.774
-7.318 -7.355 -2.21
-2.012 6.428 11.808
-3.368 9.308 7.6
3.917 -3.608 -4.857
9.308 -7.385 -2.7
-10.807 7.569 2.322
4.718 -0.19 -4.376
-7.157 3.629 6.657
2.958 -4.842 -4.551
-4.582 7.953 6.542
-6.288 -7.2 -4.371
-11.439 -2.44 -6.075
8.637 -4.563 3.599
-1.67 9.227 5.051
8.681 -6.134 -5.703
-7.16 -1.84 -4.873
-4.163 0.498 1.908
-6.09 -3.639 -3.384
-11.26 -3.992 -6.645
-8.996 2.565 3.481
-7.04 -3.998 -4.545
6.377 -7.625 6.825
6.371 -3.866 2.943
-8.316 -0.548 -6.528
-7.286 -0.044 -6.651
-5.165 -6.97 -3.303
-8.912 0.19 7.45
-9.777 6.251 4.009
8.516 -6.612 -0.276
-11.624 -5.901 -8.868
-5.313 -5.856 -4.839
-3.759 5.328 5.216
-3.901 -7.014 -6.699
-8.987 1.451 3.188
6.959 -6.918 5.285
-11.31 8.988 2.034
-4.04 6.651 10.138
4.885 -7.1 4.857
4.219 -6.355 5.591
8.37 -3.177 6.813
-11.304 11.32 3.888
3.798 -6.865 -7.944
0.96 6.815 7.04
4.386 -4.443 8.754
-2.43 -4.131 -4.07
-9.788 1.148 5.632
7.939 -4.561 -5.954
-8.358 -7.53 -6.597
0.328 -6.608 6.854
-5.462 7.261 6.874
-5.279 -2.503 -1.714
-7.826 -4.683 -4.992
6.51 -1.812 4.367
-7.815 9.579 1.231
-2.859 -5.898 -7.372
-5.189 -8.073 -1.537
-6.104 0.651 -4.913
-6.107 5.493 1.866
-7.054 4.262 1.976
-7.802 6.04 1.936
-4.958 -2.5 -1.24
6.329 -6.345 4.953
-7.772 -5.403 -8.87
5.924 -8.407 -7.566
1.763 -3.42 5.544
-3.709 -7.275 -4.998
8.014 -6.867 -4.661
5.944 -5.683 5.949
-6.913 -2.979 -7.028
-7.402 -2.767 -6.144
-0.881 5.748 9.134
-3.455 -9.652 -6.739
-4.29 -6.342 -0.121
-6.671 6.595 0.562
4.557 -3.79 2.002
-3.037 6.847 6.378
-8.406 -2.201 -6.899
-5.196 -4.199 -0.056
6.477 -8.201 6.464
-7.594 -5.035 -8.595
-8.746 7.128 -1.041
7.205 -5.042 6.512
-7.573 -1.901 -5.801
-5.784 -3.844 -4.293
-1.103 5.042 9.532
6.193 -6.111 -10.931
-11.252 5.457 7.463
1.478 -6.894 -1.976
-6.259 6.736 6.568
-12.249 1.588 2.533
7.661 -5.119 -7.992
-6.978 6.647 0.529
8.623 -5.085 -6.696
-2.51 -5.567 -2.75
2.139 5.076 7.757
10.797 -7.336 -5.532
-7.534 -7.035 -2.23
-3.191 2.228 4.568
4.691 -2.748 -6.126
-1.708 -3.888 -3.345
-5.921 5.186 4.44
7.879 -6.169 -1.877
8.408 -4.049 -3.216
6.82 -7.983 -6.162
2.569 -3.806 4.563
-2.778 8.355 10.746
-7.721 2.039 3.988
8.514 -7.532 -5.744
-5.182 -5.811 -1.901
-10.09 7.906 4.009
-9.531 5.491 2.203
-9.236 2.313 -0.689
-10.859 1.077 4.09
-7.939 -7.205 -5.857
-5.176 -4.514 -0.64
-2.428 2.086 8.666
-8.257 6.013 6.117
7.694 -2.0 -0.69
1.315 -5.86 3.561
-8.57 7.586 2.029
7.295 -3.199 -0.114
-9.872 5.743 1.098
-2.862 2.406 3.374
2.208 -7.327 -4.271
7.824 -1.383 8.264
2.515 -3.903 5.079
-5.402 7.863 7.418
4.257 -6.537 2.263
-5.034 -5.19 -2.63
-0.786 -10.185 -3.067
7.272 -4.779 6.682
6.586 -4.693 -5.778
-8.383 7.084 0.578
-5.976 5.902 1.116
9.192 -3.021 -4.542
-6.467 -3.082 -8.656
-7.852 6.46 3.971
0.173 -3.126 -3.044
5.11 -5.427 -5.286
-10.443 10.338 3.336
3.534 -3.455 5.871
-5.148 3.083 2.921
-5.779 3.783 3.412
-4.604 6.927 6.043
-6.827 6.271 3.832
6.256 -5.315 2.29
-6.698 7.135 6.852
-6.848 5.62 4.082
6.727 -6.137 -5.293
-4.351 -2.067 -3.065
7.018 -6.353 4.221
-2.273 8.169 10.647
-7.614 4.114 2.343
-4.358 -9.395 -2.576
-7.169 6.479 2.686
6.222 0.367 -1.54
-1.082 -3.437 -5.941
-6.319 -1.991 -3.672
-1.224 3.424 12.006
-3.971 -2.177 -5.621
-1.844 4.832 9.431
-6.494 -4.042 -1.411
-8.428 6.038 1.815
-7.363 -4.81 -3.249
-5.298 2.869 8.047
-7.124 1.974 5.599
7.47 -3.167 -1.766
-6.783 -0.942 0.472
8.105 -4.416 -7.282
5.316 -6.594 3.845
-2.375 4.586 7.827
7.55 -3.863 -6.429
-4.851 -0.502 -0.815
-13.325 8.047 1.534
-14.541 7.428 0.399
-4.896 -8.881 -3.71
-3.984 6.403 6.874
5.541 -3.068 8.986
9.215 -8.027 2.207
-3.453 -7.178 -0.903
-2.824 -5.583 0.08
-8.273 -1.178 -7.272
5.031 -6.135 -4.854
-9.125 -1.632 -3.401
-7.57 -3.749 -6.132
-12.247 9.744 1.276
-4.079 -1.282 -8.184
-9.609 6.288 4.548
-0.581 8.913 9.589
7.466 -7.221 -2.935
5.246 -3.781 3.573
-10.82 7.058 2.021
-3.722 7.876 6.3
-9.271 5.554 2.308
-3.95 -5.087 -0.551
-3.891 9.741 10.35
-10.482 7.25 3.997
-10.524 -2.498 -8.754
-1.481 -2.583 -3.047
-6.282 -1.247 -5.288
-9.836 3.601 2.198
-10.495 -3.542 -3.431
-9.559 -1.117 -3.994
5.374 -7.123 -7.064
-9.636 -3.629 -3.727
-10.074 -3.355 -6.253
5.277 -3.981 -4.812
-9.868 7.587 2.393
7.048 -6.487 -3.731
-6.65 -2.28 -3.706
-4.285 -4.265 -6.678
-7.88 -5.205 -5.922
6.917 -5.89 -3.367
-13.287 7.382 2.094
1.258 11.597 8.138
-7.154 6.979 11.128
-9.439 5.696 -0.226
2.615 -2.983 3.852
-4.163 -5.17 0.423
5.317 -5.235 3.958
-10.836 6.636 2.057
2.616 -5.522 7.108
-5.285 8.609 0.851
7.522 -1.985 -4.722
-8.893 9.809 2.322
-6.771 7.408 0.398
-12.164 -2.944 -11.677
-7.485 6.66 -1.595
-1.263 -3.905 -1.974
-5.301 -7.065 -3.868
-4.722 -8.625 -3.784
6.095 -4.875 7.298
6.072 -6.917 4.832
5.718 -6.145 -2.359
-7.46 -2.759 -4.622
-8.671 6.791 -1.785
2.791 -5.262 5.98
-8.567 8.602 0.879
-9.371 2.074 3.642
-3.397 0.676 -2.527
-7.566 7.12 3.562
-3.033 5.529 7.294
-5.549 -3.401 -4.79
-13.718 8.61 2.858
10.178 -5.727 8.244
5.834 -6.19 -3.595
-7.862 7.346 5.208
1.75 -2.071 -3.831
-3.119 4.066 6.675
-3.891 -6.634 2.176
5.199 -4.963 5.444
-0.867 -6.7 -3.066
-3.702 4.144 6.993
6.442 -3.771 4.27
-1.005 7.401 5.951
-12.304 7.623 -0.568
-4.135 -5.793 -5.064
-4.342 8.323 8.345
-6.251 4.44 5.48
7.766 -4.581 -3.148
-5.768 -4.639 -5.071
-2.537 8.303 9.379
5.385 -2.317 7.734
-8.924 5.115 3.433
-10.123 4.313 5.493
1.179 -6.837 -1.531
-6.531 -5.111 -5.848
-10.638 7.365 3.283
-9.223 -4.212 -6.903
-5.045 5.666 3.597
-4.905 -7.408 -2.821
-2.232 -4.629 -0.836
-10.062 7.49 0.977
-0.881 7.506 6.408
-7.429 2.725 2.681
4.908 -4.298 -6.702
-2.048 -5.996 -0.624
8.434 -5.155 -4.707
-11.259 4.664 4.974
4.265 -7.669 -4.014
-5.958 6.503 5.547
3.943 -3.242 4.298
-11.851 6.289 1.579
-8.172 4.286 -0.859
-9.98 4.118 -4.929
4.371 -12.466 -3.108
-8.466 5.26 1.282
-2.661 6.666 7.405
-8.585 5.373 2.183
6.655 -3.356 5.582
-3.366 -3.429 -1.783
-2.953 -5.56 -2.633
6.353 -5.122 -4.052
-3.748 6.777 5.949
-9.452 4.894 1.775
-5.856 1.562 6.839
7.927 -6.055 -1.886
-6.557 -3.526 -2.395
-6.118 3.839 3.233
-2.737 5.944 5.935
7.202 -1.555 7.677
-5.284 -2.383 -3.834
5.851 -3.683 -0.517
-5.069 8.854 7.891
0.369 10.567 7.838
-6.738 -4.256 -4.353
5.843 -4.568 -6.074
-9.044 -0.343 -4.605
-9.32 3.626 2.927
-1.057 3.049 8.276
-4.274 -3.346 0.41
-1.46 7.604 8.895
-6.475 2.864 -0.595
-4.633 -5.539 -2.957
11.066 -4.923 5.812
-3.532 11.512 6.145
7.698 -6.111 3.191
-1.546 12.96 3.822
-5.406 4.126 2.543
-3.31 6.476 7.544
-6.909 -0.697 0.945
-10.195 7.184 5.301
9.274 -5.201 5.379
-9.159 5.596 2.778
4.274 -2.608 5.725
-4.728 5.135 3.485
4.906 -8.327 3.401
4.874 -4.921 4.044
1.015 5.254 9.043
2.676 -6.363 -4.891
7.443 -7.096 -1.937
-8.919 5.245 2.711
6.901 -4.59 5.122
4.854 -5.65 5.884
-11.46 -5.264 -7.75
-6.482 4.549 2.798
-6.829 2.55 4.222
3.567 -4.979 3.911
-2.043 7.869 7.842
-7.515 -3.147 -2.125
7.076 -8.537 2.451
-8.103 -3.305 -5.681
-3.635 -9.023 -4.609
3.972 -3.076 4.472
-11.549 8.035 5.382
-6.774 8.512 1.189
0.002 7.447 6.481
6.128 -2.899 6.534
-6.781 5.946 2.581
-0.83 4.451 9.788
-13.65 6.005 0.294
-9.851 4.197 -1.144
5.964 -4.548 -3.584
-4.086 10.324 6.078
8.702 -4.957 3.145
9.723 -2.949 5.55
-5.642 -5.744 -6.895
-6.133 6.888 7.725
-7.928 5.879 4.14
-3.655 8.543 6.563
-6.503 0.32 -5.686
-5.391 8.339 6.624
-3.264 7.613 9.883
-3.954 -4.122 -1.706
-9.839 1.868 4.036
-3.264 -8.426 -3.292
-1.056 7.864 9.027
-7.324 -7.878 -4.569
-12.175 7.365 3.24
-8.142 -1.625 -5.52
-7.377 7.631 2.356
7.312 -8.278 4.377
-3.533 7.404 10.079
0.993 -3.163 -1.356
9.886 -6.383 4.058
3.153 -7.992 -5.728
-3.188 8.47 5.435
-6.603 6.799 3.332
-3.6 2.219 1.944
-3.1 8.073 4.484
4.796 -7.229 -3.632
6.343 -7.466 -2.516
5.186 -6.129 4.916
-1.294 -4.447 -2.778
-6.356 7.317 -0.107
4.711 -2.206 -5.462
0.96 6.501 8.177
-6.335 7.839 3.984
-1.029 5.199 5.387
-11.178 6.607 2.489
6.514 -7.212 5.986
-6.734 5.598 -0.285
-5.971 0.914 1.947
0.069 -8.045 6.38
-8.161 -6.244 -2.094
-8.721 7.208 9.369
9.487 -2.248 3.335
6.151 -4.353 -5.845
-10.16 4.251 4.092
-8.75 -3.136 -7.055
-7.546 11.753 7.201
-2.97 3.608 7.479
-3.201 5.696 8.128
-4.917 4.728 8.82
-6.265 7.944 4.269
-9.022 -5.548 -3.614
8.226 -4.756 -3.481
-3.652 -6.726 -3.478
-1.349 6.338 7.891
-7.771 8.364 1.914
-1.626 -3.844 -2.887
-8.018 1.974 1.566
-4.542 -6.028 -5.025
6.415 -6.598 5.024
7.956 -2.946 -6.001
4.973 -9.391 -3.123
-7.307 3.394 2.144
-0.165 5.826 10.069
6.793 -3.545 -6.313
-3.463 6.469 6.582
-5.725 -6.828 -7.667
7.942 -4.972 -6.23
-9.398 9.635 5.25
-8.303 -2.238 -6.619
4.344 -5.282 6.555
-5.385 -3.031 -7.931
-1.271 7.708 5.804
-9.349 9.841 5.771
-1.451 5.281 7.821
9.107 -6.501 -4.587
-5.57 -6.738 -4.401
-7.542 -4.162 -6.837
-7.103 6.867 2.503
-3.983 -3.922 -7.088
-8.271 3.714 2.595
3.992 -3.843 6.8
-9.292 8.787 0.85
-6.55 -1.531 -0.79
-9.51 4.096 2.592
-7.749 5.896 1.23
-5.962 -5.337 -5.034
-5.07 1.294 2.782
1.795 -5.752 -4.205
2.195 -8.865 4.426
-4.672 -4.268 -2.232
0.647 5.675 6.771
-5.898 5.489 2.667
-8.707 2.51 1.48
-2.792 4.911 8.701
-3.534 7.252 8.597
1.645 8.431 7.103
-5.085 -6.635 -6.037
4.2 -4.845 -4.657
-8.674 4.52 2.078
-6.671 10.102 4.251
-9.938 -2.44 -6.628
-8.531 11.449 4.474
-8.455 -7.011 -5.274
-7.002 7.028 6.252
5.016 -5.59 7.886
-8.066 -2.583 -6.932
-1.038 9.297 9.727
-1.418 8.071 11.278
-6.261 5.89 2.398
-4.749 5.99 11.687
-8.825 -0.233 -5.759
-2.13 9.251 10.641
-14.339 4.921 3.249
-9.079 -4.862 -7.462
-8.448 7.042 2.276
-5.047 4.118 5.356
-5.27 -8.432 -4.097
-2.279 8.481 7.89
-5.195 -2.187 -1.943
-8.019 6.34 4.64
5.536 -5.755 5.933
-8.085 5.868 4.328
-9.095 7.44 0.522
-3.988 6.2 8.015
-6.264 4.302 5.24
-4.497 1.971 3.814
-8.483 4.221 6.332
-9.932 -1.422 -4.642
4.643 -5.476 6.343
-6.152 -4.08 -7.604
-7.989 1.41 -6.556
-3.914 -6.553 2.393
-5.033 3.828 8.106
-6.889 -3.251 -8.606
6.897 -8.552 -2.647
-1.757 -7.01 -3.662
1.277 1.038 4.506
-8.498 -6.346 -6.526
2.383 -4.983 7.811
-5.603 8.693 7.982
-5.251 3.332 7.445
-8.253 -4.52 -3.26
-4.417 5.257 8.576
-3.574 7.85 6.305
-6.394 -3.162 -9.552
2.801 -5.24 5.261
-8.461 7.775 4.064
2.235 -5.876 5.521
-6.25 4.128 1.585
-9.361 3.093 3.241
-11.265 -4.453 -6.83
-5.054 8.984 5.558
-11.54 9.353 -0.485
-9.092 8.323 5.025
3.741 -6.789 -5.202
-6.269 2.903 2.353
-6.611 4.777 6.135
-6.702 -0.894 -3.736
-6.137 -3.655 -7.623
7.211 -4.136 7.14
-6.878 -5.526 -5.63
-1.189 4.249 6.645
-1.063 -4.151 -2.992
-1.172 -3.497 -3.776
6.164 -7.887 -3.054
-5.231 6.438 5.333
-1.854 6.388 8.942
-7.473 5.246 5.813
-7.614 3.174 0.74
-4.941 -5.49 -2.682
-8.057 5.659 3.068
-8.336 -1.183 2.446
-7.498 2.003 5.18
-10.225 5.179 1.756
-5.657 -1.44 -4.39
-8.932 -6.676 -4.035
3.212 -5.589 5.59
9.64 -7.525 5.476
-6.975 3.564 2.447
5.46 -5.088 7.354
-9.105 4.815 3.977
6.239 -7.03 -3.717
6.029 -5.815 5.975
7.562 -8.056 -6.256
-5.36 9.426 9.478
5.341 -2.294 2.555
-7.375 4.536 4.814
-9.945 5.212 4.578
-8.939 -4.633 -8.569
-4.128 7.04 9.921
-2.71 -7.229 -5.508
3.89 -4.54 -2.881
6.031 -4.041 7.629
6.682 -4.968 -3.466
-11.065 5.538 5.781
-8.382 6.039 0.744
6.224 -6.815 -2.007
8.964 -7.839 -6.949
-6.306 4.672 3.145
5.753 -7.049 -7.112
-6.849 -3.602 -7.017
-7.275 4.519 3.042
-7.699 1.93 2.496
-7.104 7.448 4.433
5.9 -4.605 5.013
-11.013 8.046 1.887
6.915 -4.619 6.329
-0.552 6.348 5.895
2.397 -0.891 6.349
-8.691 2.468 5.444
10.091 -5.865 -3.806
5.027 -5.012 7.398
2.542 -7.787 4.678
-5.127 -2.904 -6.819
-4.851 -3.005 -5.983
5.823 -5.561 9.576
-10.9 9.54 2.041
3.773 -7.773 4.14
-7.434 -3.353 -8.169
-8.527 -9.534 -1.026
-3.432 -4.929 -4.918
-1.705 7.575 7.123
-9.658 2.892 3.796
-7.439 2.412 4.193
0.324 7.197 7.938
-7.229 -2.56 -0.874
3.026 -4.551 6.394
-2.891 -8.007 -2.752
-6.521 6.39 3.403
1.515 7.776 5.998
-8.712 5.062 1.9
-0.747 -4.42 -1.332
5.334 -3.838 -7.964
-5.355 6.19 1.803
-4.529 -3.253 -4.085
-6.52 -4.406 -2.342
-5.973 -5.845 0.472
11.999 -8.562 -6.736
5.89 -7.058 4.903
-5.927 -6.376 -3.512
-4.003 -4.95 -3.235
5.425 -3.657 7.903
-9.974 5.715 0.102
-5.733 3.939 5.771
-6.917 3.472 1.188
-13.601 6.554 1.895
3.692 -6.206 -2.798
-6.426 -1.159 2.631
-10.441 10.769 4.894
-2.929 -6.973 -2.914
-1.819 -2.519 -4.488
3.91 -2.521 4.348
-2.739 7.392 13.489
-5.387 -4.231 -5.364
-6.901 -5.504 -5.984
6.379 -5.734 -4.434
-8.944 0.465 4.612
0.326 5.199 10.471
-8.401 -4.947 -6.883
2.411 -5.577 -5.847
4.873 -3.622 6.212
-1.933 7.178 11.883
-4.48 6.291 6.956
8.051 -7.81 -4.639
-12.874 8.694 1.452
-3.389 8.821 9.009
-8.912 -5.408 -4.078
-8.104 1.705 3.669
-10.116 4.458 4.374
-7.488 6.497 3.177
-8.79 7.888 0.669
5.955 -5.611 5.283
5.969 -3.771 -3.164
-6.496 -1.025 -9.184
-4.405 5.655 4.968
6.063 1.257 -5.056
6.58 -2.131 -4.969
-8.898 9.25 1.462
-2.872 -3.249 -1.003
-8.335 6.389 0.608
-4.842 2.891 4.383
5.492 -6.04 5.028
-4.271 8.916 8.363
-4.884 1.062 8.634
-0.984 -8.02 -4.236
-7.775 -0.769 3.014
-3.417 -6.104 -2.5
5.629 -4.981 -1.04
-7.823 -1.98 -4.351
-7.869 -1.618 -6.154
-3.106 6.741 6.967
-5.676 -3.961 -2.57
-7.811 -4.061 -6.012
-8.51 0.176 3.227
-3.096 -11.775 -4.211
-9.531 5.548 5.458
-9.449 4.31 3.336
7.812 -7.778 5.378
4.699 -6.299 -2.491
7.715 -4.959 -4.101
-10.153 6.835 5.239
-6.402 -5.498 -3.06
-11.671 7.079 3.664
6.772 -0.836 -1.765
-11.059 -2.86 -5.152
-5.611 6.568 9.351
-7.563 -4.085 -4.333
5.094 -7.156 -4.757
-5.654 -2.249 -6.295
-10.573 7.679 1.456
-9.444 5.018 0.267
-6.927 -1.353 -5.795
-8.234 4.425 3.894
-4.836 -5.805 -2.37
-11.568 -0.768 -4.738
-4.724 7.092 9.212
9.561 -7.665 -5.315
-2.637 -6.539 -3.35
-8.727 -3.006 -7.515
-3.782 7.351 9.598
-7.438 4.777 7.109
2.794 -7.761 7.72
-1.567 7.699 5.193
-3.798 3.22 11.446
7.895 -7.959 -2.12
-3.945 -5.379 -1.884
-2.056 8.961 7.001
2.626 -3.077 -4.978
6.481 -2.946 -6.019
-0.726 -7.026 -6.915
-7.676 -6.316 -0.367
-9.714 -2.999 -3.466
-7.372 -7.46 -7.845
-4.177 -2.628 -3.445
6.427 -4.643 -5.417
8.794 -9.519 -1.873
-1.459 -4.129 -5.914
-13.902 4.508 0.598
-4.313 -2.794 -7.022
-9.012 2.278 6.277
6.132 -7.49 -2.278
-8.364 -3.359 -5.062
-7.549 -1.83 -5.125
-6.514 5.765 1.283
-3.854 -5.321 2.307
-12.179 0.37 4.169
-10.013 -4.405 -4.663
7.02 -2.179 -4.628
-4.907 -5.473 -4.923
-4.86 -2.515 -8.942
-2.562 -3.514 -5.662
5.673 -4.879 8.857
5.77 -7.005 -5.064
6.532 -7.947 8.537
-9.562 7.819 2.298
-7.948 5.294 0.332
-8.833 -5.046 -4.771
6.995 -4.958 -1.515
-5.181 -7.039 -4.697
5.434 -6.406 6.349
-3.222 8.54 6.873
-10.34 -0.99 -4.177
-6.076 3.629 3.135
-8.809 6.369 3.984
7.291 -5.795 4.164
-7.432 6.006 3.194
-5.794 8.559 2.367
-6.045 -2.722 1.766
-7.739 -0.018 -3.886
1.499 6.715 8.387
9.069 -6.038 -2.816
-6.152 -3.323 -6.345
2.348 -3.949 3.729
-9.036 -0.852 2.023
-5.521 -2.067 -4.381
-8.594 6.612 5.902
4.817 -6.049 7.265
-6.036 -4.461 -1.833
-4.88 -3.077 -2.631
-10.36 -2.492 -4.971
-9.938 2.283 1.895
-6.143 -8.742 -2.058
-1.343 2.575 11.582
-9.563 -2.617 -3.807
-2.683 -5.326 -5.385
-1.375 -6.327 -4.712
6.837 -4.492 -2.422
-7.326 -0.624 -4.587
1.338 -4.585 -5.452
4.811 -8.159 -6.421
8.616 -8.393 4.388
-4.462 7.663 3.828
0.398 -6.556 6.8
-4.912 -9.678 -3.7
-8.221 5.942 4.32
7.552 -6.566 -6.057
-12.684 1.475 1.48
-6.008 -5.253 -5.045
-1.206 9.989 9.159
7.674 -2.96 7.067
-8.349 5.058 -0.103
-11.076 6.43 3.831
-3.875 -4.853 -2.279
4.781 -5.503 -3.133
3.566 -2.81 -3.83
-6.804 -3.811 -5.829
-8.08 -5.801 -6.069
-8.771 1.803 3.619
6.247 -5.632 -2.701
-10.795 8.387 2.495
2.477 -6.517 5.168
3.966 -7.16 5.128
-6.081 2.557 2.048
-5.351 4.545 5.318
-9.041 6.857 3.934
7.6 -8.841 7.725
-10.929 10.089 2.202
-2.065 9.119 8.162
-1.549 7.685 5.716
7.404 -3.578 8.276
-9.717 -6.277 -5.334
-7.937 1.656 3.789
-12.315 -2.412 -8.05
5.894 -4.801 -4.819
3.419 -6.954 3.871
5.307 -4.308 -2.674
-8.038 -4.02 -5.489
-0.871 8.909 7.29
-4.62 -5.548 -4.715
7.857 -8.11 5.513
-4.327 -5.912 -5.804
8.104 -7.847 -3.954
-6.896 4.725 3.334
-6.66 4.226 5.617
8.928 -5.621 -3.694
