-10.308 -5.722 -2.185
-9.579 -5.872 -2.067
-7.21 -4.852 4.428
7.386 -3.262 6.624
-9.541 -5.378 -2.7
-7.951 -4.931 0.538
6.837 -2.705 7.191
7.974 -2.263 7.802
-7.801 -5.367 -0.03
-7.359 -5.646 0.656
-5.911 -4.748 4.485
-9.466 -5.688 -2.678
-10.042 -6.171 -2.577
-7.332 -4.829 0.654
7.268 -2.735 8.45
7.024 -3.217 8.73
-6.578 -4.305 6.065
-9.336 -6.134 -2.26
-5.681 -4.033 5.398
-9.676 -5.366 -2.582
-6.519 -5.07 -0.015
-7.034 -4.799 5.186
8.193 -3.224 8.003
-6.035 -5.544 -0.265
-9.361 -6.365 -1.966
-7.651 -5.093 0.262
-7.981 -5.691 1.594
-6.358 -3.693 5.624
-6.94 -5.526 0.03
-7.016 -5.242 4.213
6.545 -2.895 8.839
-8.162 -5.636 0.078
-7.961 -5.661 0.253
-9.761 -5.288 -2.229
-9.166 -6.158 -2.726
6.849 -3.123 7.741
-7.575 -6.508 -0.119
7.715 -2.458 8.752
6.92 -1.551 7.454
-6.237 -3.322 4.756
-5.883 -4.933 5.004
7.327 -3.206 7.686
-7.991 -5.808 0.664
-5.803 -3.545 4.838
-7.301 -5.425 0.781
-9.503 -5.163 -2.364
-7.493 -5.361 0.414
7.48 -3.107 9.086
-7.677 -3.504 5.111
7.136 -2.224 7.394
-9.572 -6.089 -2.912
-9.998 -5.526 -1.767
-6.127 -4.004 5.555
-9.158 -5.495 -1.79
6.851 -2.149 7.107
-7.362 -6.516 0.383
6.783 -3.264 7.845
-8.1 -6.754 -1.847
-7.298 -5.699 -0.196
-6.836 -4.759 5.782
-6.82 -3.722 4.64
-6.42 -3.946 5.583
-7.513 -5.939 0.323
-8.239 -4.733 -0.342
-9.918 -5.213 -1.723
-7.285 -5.902 -0.134
-7.443 -5.639 -0.337
-8.227 -6.408 -0.773
-6.646 -4.289 5.228
-9.756 -5.424 -2.091
7.606 -3.253 8.506
7.875 -2.595 8.165
7.819 -3.496 8.93
-9.601 -6.347 -2.053
-6.558 -3.96 4.244
-6.387 -4.482 4.456
-6.465 -4.973 4.853
-9.626 -6.402 -2.574
7.91 -3.004 8.451
-6.001 -3.95 4.381
-9.983 -5.782 -1.825
-10.102 -5.598 -2.974
-6.92 -3.917 5.225
-6.199 -4.65 0.122
6.987 -3.009 7.086
-6.924 -4.11 4.157
-6.749 -3.986 4.595
8.674 -1.987 7.626
7.022 -2.222 8.373
7.606 -3.276 7.957
-10.212 -5.479 -2.619
7.972 -2.912 7.971
-9.204 -5.511 -2.805
-9.136 -5.731 -2.599
-7.5 -5.644 -0.314
7.945 -2.433 8.202
-7.128 -4.238 5.391
-9.234 -5.412 -1.608
-6.638 -4.337 4.874
-7.404 -5.803 -0.711
